%YAML 1.1
--- !Scene &1
name: ""
guid: {a: 7875085725817850609, b: 329766013828765107}
editSceneGuid: {a: 0, b: 0}
calibrateVer: V5
entities:
  - __class: Entity
    name: Camera
    guid: {a: 17892678610801857370, b: 559697082159424149}
    scene: {localId: 1}
    selfvisible: true
    components:
      - {localId: 2}
      - __class: Camera
        name: ""
        guid: {a: 12556560734000964803, b: 7508859945702231687}
        enabled: true
        layerVisibleMask: {__class: DynamicBitset, numBits: 64, values: [1, 0]}
        renderOrder: 10
        type:
          __class: CameraType
          value: PERSPECTIVE
        clearColor: {r: 0, g: 0, b: 0, a: 1}
        clearType:
          __class: CameraClearType
          value: DEPTH
        alwaysClear: true
        viewport: {x: 0, y: 0, w: 1, h: 1}
        fovy: 60
        orthoScale: 1
        zNear: 0.1000000014901161
        zFar: 1000
        renderTexture: {localId: 1, path: 00000000-0000-0000-0000-000000000009}
        isRootCamera: false
    layer: 0
  - __class: Entity
    name: Directional Light
    guid: {a: 3261253174792506660, b: 16680708562180406145}
    scene: {localId: 1}
    selfvisible: true
    components:
      - {localId: 3}
      - __class: DirectionalLight
        name: ""
        guid: {a: 13350271480239526722, b: 3096813384112271290}
        enabled: true
        color: {x: 1, y: 1, z: 1}
        intensiy: 1
        shadowEnable: false
        shadowEnableNew: false
        shadowResolution: {x: 256, y: 256}
        shadowBias: 0
        shadowStrength: 1
        useSoftShadow: false
        shadowSoftness: 1
        blurRadius: 1.299999952316284
        blurNum: 0
        selfShadowGradient: 0
        shadowColor: {x: 0, y: 0, z: 0}
        InitStrength: 0.300000011920929
        EsmC: 0.03500000014901161
        lightingLayers: {__class: DynamicBitset, numBits: 64, values: [1, 0]}
        renderMode:
          __class: LightRenderMode
          value: AUTO
        shadowArea: 100
        autoShadowFrustum: true
        shadowFrustumZNear: 1
        shadowFrustumZFar: 100
        cookieSize: 1
        softShadowType:
          __class: SoftShadowType
          value: PCF
        EVSMExponents: {x: 4, y: 4}
        contactShadowEnable: false
        lightUnit:
          __class: LightUnit
          value: Lux
    layer: 0
  - __class: Entity
    name: Body Avatar Drive
    guid: {a: 17384555641064574232, b: 15666772986703013021}
    scene: {localId: 1}
    selfvisible: true
    components:
      - {localId: 4}
      - __class: JSScriptComponent
        name: ""
        guid: {a: 7514837917915999824, b: 9134865101152149424}
        enabled: true
        path: js/FullBodyAvatarDrive.js
        properties:
          __class: Map
          Head: {localId: 27}
          L_Foot: {localId: 39}
          L_ForeArm: {localId: 31}
          L_Hand: {localId: 32}
          L_Shin: {localId: 38}
          L_Shoulder: {localId: 29}
          L_Thigh: {localId: 37}
          L_UpperArm: {localId: 30}
          Neck: {localId: 26}
          Pelvis: {localId: 17}
          R_Foot: {localId: 44}
          R_ForeArm: {localId: 35}
          R_Hand: {localId: 36}
          R_Shin: {localId: 43}
          R_Shoulder: {localId: 33}
          R_Thigh: {localId: 42}
          R_UpperArm: {localId: 34}
          Spine1: {localId: 23}
          Spine2: {localId: 24}
          Spine3: {localId: 25}
          followBody: true
    layer: 0
  - __class: Entity
    name: Scene Object
    guid: {a: 6720621140217973249, b: 6106055317603510147}
    scene: {localId: 1}
    selfvisible: true
    components:
      - {localId: 18}
    layer: 0
  - __class: Entity
    name: test
    guid: {a: 5350732196349834028, b: 2488135350124692884}
    scene: {localId: 1}
    selfvisible: true
    components:
      - {localId: 5}
    layer: 0
  - __class: Entity
    name: SkeletonAndRenderRoot
    guid: {a: 4777676391035518053, b: 3080617878714870660}
    scene: {localId: 1}
    selfvisible: true
    components:
      - {localId: 6}
    layer: 0
  - __class: Entity
    name: "Null"
    guid: {a: 2831799889070791760, b: 14283318943985824388}
    scene: {localId: 1}
    selfvisible: false
    components:
      - {localId: 7}
    layer: 0
  - __class: Entity
    name: Sphere_7
    guid: {a: 10901231285175835394, b: 17110818448163639448}
    scene: {localId: 1}
    selfvisible: true
    components:
      - {localId: 8}
      - __class: SkinMeshRenderer
        name: mesh0_renderer
        guid: {a: 2036267465459551356, b: 3226618230077915807}
        enabled: true
        sharedMaterials:
          - {localId: 1, path: 00000000-0000-0000-0000-00000000000c--00000000-0000-0000-0000-00000000000c-skin.material}
        sortingOrder: 0
        autoSortingOrder: true
        useFrustumCulling: true
        receiveShadow: true
        lightProbeBlendMode:
          __class: LightProbeBlendMode
          value: OFF
        entirePingPong: false
        mesh: {localId: 1, path: 2710f20c-508c-3893-ac42-389d8624ccb6--Sphere_7.mesh}
        gpuTextureSkinning: false
        useCoarseMesh: false
        castShadow: false
        skin:
          __class: Skin
          name: ""
          guid: {a: 13636973347500666375, b: 18028483245635541927}
          skelRootName: ""
          joints:
            - __class: Joint
              name: mixamorig:LeftUpLeg
              guid: {a: 4774421621621861480, b: 2213394333319190418}
              invBindPosMatrix: {__class: Matrix4x4f, values: [-0.9953784, -0.09603054, -1e-15, 0, 0.09602588, -0.9953302, -0.00984427, 0, 0.0009453505, -0.009798773, 0.9999515, 0, -0.03071652, 4.349987, 0.1535952, 1]}
              boundingBox: {min: {x: -0.3518946, y: -0.3518946, z: -0.3518946}, max: {x: 1, y: 1, z: 1}}
              jointTransform: {localId: 37}
            - __class: Joint
              name: mixamorig:LeftLeg
              guid: {a: 16017663160817324055, b: 4566203443398571181}
              invBindPosMatrix: {__class: Matrix4x4f, values: [-0.9990832, -0.04280964, -0.0001027345, 0, 0.04280769, -0.9990084, -0.01224172, 0, 0.0004214309, -0.01223489, 0.9999251, 0, -0.02609951, 0.08690096, 0.1538042, 1]}
              boundingBox: {min: {x: -0.3518946, y: -0.3518946, z: -0.3518946}, max: {x: 1, y: 1, z: 1}}
              jointTransform: {localId: 38}
          positionOnly: false
          useTangent: true
    layer: 0
  - __class: Entity
    name: Sphere_6
    guid: {a: 11262019322199903399, b: 3964657755928325248}
    scene: {localId: 1}
    selfvisible: true
    components:
      - {localId: 9}
      - __class: SkinMeshRenderer
        name: mesh1_renderer
        guid: {a: 9172442559597186165, b: 11322445634351362991}
        enabled: true
        sharedMaterials:
          - {localId: 1, path: 00000000-0000-0000-0000-00000000000c--00000000-0000-0000-0000-00000000000c-skin.material}
        sortingOrder: 1
        autoSortingOrder: true
        useFrustumCulling: true
        receiveShadow: true
        lightProbeBlendMode:
          __class: LightProbeBlendMode
          value: OFF
        entirePingPong: false
        mesh: {localId: 1, path: 2710f20c-508c-3893-ac42-389d8624ccb6--Sphere_6.mesh}
        gpuTextureSkinning: false
        useCoarseMesh: false
        castShadow: false
        skin:
          __class: Skin
          name: ""
          guid: {a: 4489361616571731662, b: 943965618713445519}
          skelRootName: ""
          joints:
            - __class: Joint
              name: mixamorig:RightUpLeg
              guid: {a: 16303759185596937498, b: 5051892512494747574}
              invBindPosMatrix: {__class: Matrix4x4f, values: [-0.9953782, 0.09603276, -1e-15, 0, -0.09603038, -0.9953535, -0.007042969, 0, -0.0006763558, -0.007010418, 0.9999752, 0, 0.008703449, 4.35252, 0.1424176, 1]}
              boundingBox: {min: {x: -0.3518946, y: -0.3518946, z: -0.3518946}, max: {x: 1, y: 1, z: 1}}
              jointTransform: {localId: 42}
            - __class: Joint
              name: mixamorig:RightLeg
              guid: {a: 10611956487895542288, b: 1761024662984059304}
              invBindPosMatrix: {__class: Matrix4x4f, values: [-0.9990833, 0.04280443, 0.0005500375, 0, -0.0428069, -0.9988856, -0.01987924, 0, -0.0003014952, -0.01988456, 0.9998022, 0, 0.003976994, 0.08688778, 0.1435459, 1]}
              boundingBox: {min: {x: -0.3518946, y: -0.3518946, z: -0.3518946}, max: {x: 1, y: 1, z: 1}}
              jointTransform: {localId: 43}
          positionOnly: false
          useTangent: true
    layer: 0
  - __class: Entity
    name: Sphere_5
    guid: {a: 14863640944381993885, b: 16849766222252334734}
    scene: {localId: 1}
    selfvisible: true
    components:
      - {localId: 10}
      - __class: SkinMeshRenderer
        name: mesh2_renderer
        guid: {a: 15511602601063260869, b: 14671569135893638325}
        enabled: true
        sharedMaterials:
          - {localId: 1, path: 00000000-0000-0000-0000-00000000000c--00000000-0000-0000-0000-00000000000c-skin.material}
        sortingOrder: 2
        autoSortingOrder: true
        useFrustumCulling: true
        receiveShadow: true
        lightProbeBlendMode:
          __class: LightProbeBlendMode
          value: OFF
        entirePingPong: false
        mesh: {localId: 1, path: 2710f20c-508c-3893-ac42-389d8624ccb6--Sphere_5.mesh}
        gpuTextureSkinning: false
        useCoarseMesh: false
        castShadow: false
        skin:
          __class: Skin
          name: ""
          guid: {a: 18035419161194233809, b: 6198444728759933119}
          skelRootName: ""
          joints:
            - __class: Joint
              name: mixamorig:RightUpLeg
              guid: {a: 5424460044409478152, b: 6313633361214257027}
              invBindPosMatrix: {__class: Matrix4x4f, values: [-0.9953782, 0.09603276, -1e-15, 0, -0.09603038, -0.9953535, -0.007042969, 0, -0.0006763558, -0.007010418, 0.9999752, 0, -1.118828, 0.6330741, -0.1108107, 1]}
              boundingBox: {min: {x: -0.3518946, y: -0.3518946, z: -0.3518946}, max: {x: 1, y: 1, z: 1}}
              jointTransform: {localId: 42}
            - __class: Joint
              name: mixamorig:LeftUpLeg
              guid: {a: 5135660513042928699, b: 437262406250703234}
              invBindPosMatrix: {__class: Matrix4x4f, values: [-0.9953784, -0.09603054, -1e-15, 0, 0.09602588, -0.9953302, -0.00984427, 0, 0.0009453505, -0.009798773, 0.9999515, 0, 1.009264, 0.6228204, -0.110307, 1]}
              boundingBox: {min: {x: -0.3518946, y: -0.3518946, z: -0.3518946}, max: {x: 1, y: 1, z: 1}}
              jointTransform: {localId: 37}
            - __class: Joint
              name: mixamorig:Hips
              guid: {a: 14071415604404717660, b: 8502624227553845893}
              invBindPosMatrix: {__class: Matrix4x4f, values: [1, 0, 0, 0, 0, 1, 0, 0, 0, 0, 1, 0, 0.05502193, -0.928356, -0.1824764, 1]}
              boundingBox: {min: {x: -0.3518946, y: -0.3518946, z: -0.3518946}, max: {x: 1, y: 1, z: 1}}
              jointTransform: {localId: 17}
          positionOnly: false
          useTangent: true
    layer: 0
  - __class: Entity
    name: Sphere_4
    guid: {a: 12628278679495084660, b: 14289239161063390337}
    scene: {localId: 1}
    selfvisible: true
    components:
      - {localId: 11}
      - __class: SkinMeshRenderer
        name: mesh3_renderer
        guid: {a: 4055041493426581384, b: 16414141521445133996}
        enabled: true
        sharedMaterials:
          - {localId: 1, path: 00000000-0000-0000-0000-00000000000c--00000000-0000-0000-0000-00000000000c-skin.material}
        sortingOrder: 3
        autoSortingOrder: true
        useFrustumCulling: true
        receiveShadow: true
        lightProbeBlendMode:
          __class: LightProbeBlendMode
          value: OFF
        entirePingPong: false
        mesh: {localId: 1, path: 2710f20c-508c-3893-ac42-389d8624ccb6--Sphere_4.mesh}
        gpuTextureSkinning: false
        useCoarseMesh: false
        castShadow: false
        skin:
          __class: Skin
          name: ""
          guid: {a: 9676684336414627783, b: 15245633748220784293}
          skelRootName: ""
          joints:
            - __class: Joint
              name: mixamorig:RightHand
              guid: {a: 13424123821787738227, b: 9372787890992146317}
              invBindPosMatrix: {__class: Matrix4x4f, values: [-0.00712139, -0.3803618, 0.9248103, 0, 0.001711558, -0.9248371, -0.3803596, 0, 0.9999732, -0.001125823, 0.007237137, 0, 0.003099829, 0.04758045, -0.001990155, 1]}
              boundingBox: {min: {x: -0.3518946, y: -0.3518946, z: -0.3518946}, max: {x: 1, y: 1, z: 1}}
              jointTransform: {localId: 36}
            - __class: Joint
              name: mixamorig:RightForeArm
              guid: {a: 13349779542307128400, b: 5150066228432927875}
              invBindPosMatrix: {__class: Matrix4x4f, values: [-0.00712139, -0.3803618, 0.9248103, 0, 0.001711558, -0.9248371, -0.3803596, 0, 0.9999732, -0.001125823, 0.007237137, 0, 0.003099829, 2.332357, -0.001990155, 1]}
              boundingBox: {min: {x: -0.3518946, y: -0.2488271, z: -0.3518946}, max: {x: 1, y: 1, z: 1}}
              jointTransform: {localId: 35}
          positionOnly: false
          useTangent: true
    layer: 0
  - __class: Entity
    name: Sphere_3
    guid: {a: 2903883565924601603, b: 808148924447361961}
    scene: {localId: 1}
    selfvisible: true
    components:
      - {localId: 12}
      - __class: SkinMeshRenderer
        name: mesh4_renderer
        guid: {a: 7298606110688150331, b: 7109207019976565688}
        enabled: true
        sharedMaterials:
          - {localId: 1, path: 00000000-0000-0000-0000-00000000000c--00000000-0000-0000-0000-00000000000c-skin.material}
        sortingOrder: 4
        autoSortingOrder: true
        useFrustumCulling: true
        receiveShadow: true
        lightProbeBlendMode:
          __class: LightProbeBlendMode
          value: OFF
        entirePingPong: false
        mesh: {localId: 1, path: 2710f20c-508c-3893-ac42-389d8624ccb6--Sphere_3.mesh}
        gpuTextureSkinning: false
        useCoarseMesh: false
        castShadow: false
        skin:
          __class: Skin
          name: ""
          guid: {a: 14216139119617208257, b: 8991936355607423399}
          skelRootName: ""
          joints:
            - __class: Joint
              name: mixamorig:LeftHand
              guid: {a: 15226006796161619622, b: 15102045174335284115}
              invBindPosMatrix: {__class: Matrix4x4f, values: [-0.01365209, 0.380362, -0.9247369, 0, -0.005490022, -0.9248376, -0.3803224, 0, -0.9998918, -0.000115372, 0.01471417, 0, -0.001225805, 0.04644613, 0.0007719935, 1]}
              boundingBox: {min: {x: -0.3518946, y: -0.3518946, z: -0.3518946}, max: {x: 1, y: 1, z: 1}}
              jointTransform: {localId: 32}
            - __class: Joint
              name: mixamorig:LeftForeArm
              guid: {a: 811814095104432781, b: 3143960345815911813}
              invBindPosMatrix: {__class: Matrix4x4f, values: [-0.01365209, 0.380362, -0.9247369, 0, -0.005490022, -0.9248376, -0.3803224, 0, -0.9998918, -0.000115372, 0.01471417, 0, -0.001225805, 2.331221, 0.0007719935, 1]}
              boundingBox: {min: {x: -0.3518946, y: -0.2488271, z: -0.3518946}, max: {x: 1, y: 1, z: 1}}
              jointTransform: {localId: 31}
          positionOnly: false
          useTangent: true
    layer: 0
  - __class: Entity
    name: Sphere_2
    guid: {a: 4272452072011295051, b: 15031376831659872152}
    scene: {localId: 1}
    selfvisible: true
    components:
      - {localId: 13}
      - __class: SkinMeshRenderer
        name: mesh5_renderer
        guid: {a: 5354092884665480818, b: 9190568483183622805}
        enabled: true
        sharedMaterials:
          - {localId: 1, path: 00000000-0000-0000-0000-00000000000c--00000000-0000-0000-0000-00000000000c-skin.material}
        sortingOrder: 5
        autoSortingOrder: true
        useFrustumCulling: true
        receiveShadow: true
        lightProbeBlendMode:
          __class: LightProbeBlendMode
          value: OFF
        entirePingPong: false
        mesh: {localId: 1, path: 2710f20c-508c-3893-ac42-389d8624ccb6--Sphere_2.mesh}
        gpuTextureSkinning: false
        useCoarseMesh: false
        castShadow: false
        skin:
          __class: Skin
          name: ""
          guid: {a: 6866479677727451429, b: 13670536397289172626}
          skelRootName: ""
          joints:
            - __class: Joint
              name: mixamorig:Neck
              guid: {a: 11980926543331825026, b: 2370966223335856795}
              invBindPosMatrix: {__class: Matrix4x4f, values: [1, 0, 0, 0, 0, 1, -1e-15, 0, 0, 1e-15, 1, 0, -0.001707484, 0.7230546, 0.1999005, 1]}
              boundingBox: {min: {x: -0.3518946, y: -0.3518946, z: -0.3518946}, max: {x: 1, y: 1, z: 1}}
              jointTransform: {localId: 26}
            - __class: Joint
              name: mixamorig:Head
              guid: {a: 12340576659296274729, b: 10079406539529457795}
              invBindPosMatrix: {__class: Matrix4x4f, values: [1, 0, 0, 0, 0, 1, -1e-15, 0, 0, 1e-15, 1, 0, -0.001707484, 0.05260253, -0.04170164, 1]}
              boundingBox: {min: {x: -0.3518946, y: -0.3518946, z: -0.3518946}, max: {x: 1, y: 1, z: 1}}
              jointTransform: {localId: 27}
            - __class: Joint
              name: mixamorig:Spine2
              guid: {a: 8954382994953476548, b: 14350089308805105820}
              invBindPosMatrix: {__class: Matrix4x4f, values: [1, 0, 0, 0, 0, 0.9910323, 0.1336226, 0, 0, -0.1336226, 0.9910323, 0, -0.001707484, 1.796754, 0.2947243, 1]}
              boundingBox: {min: {x: -0.3518946, y: -0.3518946, z: -0.3518946}, max: {x: 1, y: 1, z: 1}}
              jointTransform: {localId: 25}
          positionOnly: false
          useTangent: true
    layer: 0
  - __class: Entity
    name: Sphere_1
    guid: {a: 1605863433960501379, b: 14350548967805511608}
    scene: {localId: 1}
    selfvisible: true
    components:
      - {localId: 14}
      - __class: SkinMeshRenderer
        name: mesh6_renderer
        guid: {a: 16377278353635713858, b: 1461258043081069238}
        enabled: true
        sharedMaterials:
          - {localId: 1, path: 00000000-0000-0000-0000-00000000000c--00000000-0000-0000-0000-00000000000c-skin.material}
        sortingOrder: 6
        autoSortingOrder: true
        useFrustumCulling: true
        receiveShadow: true
        lightProbeBlendMode:
          __class: LightProbeBlendMode
          value: OFF
        entirePingPong: false
        mesh: {localId: 1, path: 2710f20c-508c-3893-ac42-389d8624ccb6--Sphere_1.mesh}
        gpuTextureSkinning: false
        useCoarseMesh: false
        castShadow: false
        skin:
          __class: Skin
          name: ""
          guid: {a: 6217226647512775860, b: 9336173058816530834}
          skelRootName: ""
          joints:
            - __class: Joint
              name: mixamorig:LeftHand
              guid: {a: 9674919515943083109, b: 2645391288254401468}
              invBindPosMatrix: {__class: Matrix4x4f, values: [-0.01365209, 0.380362, -0.9247369, 0, -0.005490022, -0.9248376, -0.3803224, 0, -0.9998918, -0.000115372, 0.01471417, 0, -0.0006905766, -2.329687, 0.01851209, 1]}
              boundingBox: {min: {x: -0.3518946, y: -0.3518946, z: -0.3518946}, max: {x: 1, y: 1, z: 1}}
              jointTransform: {localId: 32}
            - __class: Joint
              name: mixamorig:LeftArm
              guid: {a: 8379315637717495845, b: 9810830923840702899}
              invBindPosMatrix: {__class: Matrix4x4f, values: [-0.007705214, 0.3290406, -0.9442844, 0, -0.02256095, -0.9441292, -0.3288024, 0, -0.9997158, 0.01877046, 0.01469818, 0, -0.00148268, 2.564195, 0.02095786, 1]}
              boundingBox: {min: {x: -0.3518946, y: -0.3518946, z: -0.3518946}, max: {x: 1, y: 1, z: 1}}
              jointTransform: {localId: 30}
            - __class: Joint
              name: mixamorig:LeftForeArm
              guid: {a: 1246412425792152097, b: 12624184357722982301}
              invBindPosMatrix: {__class: Matrix4x4f, values: [-0.01365209, 0.380362, -0.9247369, 0, -0.005490022, -0.9248376, -0.3803224, 0, -0.9998918, -0.000115372, 0.01471417, 0, -0.0006905766, -0.04491189, 0.01851209, 1]}
              boundingBox: {min: {x: -0.3518946, y: -0.3518946, z: -0.3518946}, max: {x: 1, y: 1, z: 1}}
              jointTransform: {localId: 31}
            - __class: Joint
              name: mixamorig:LeftShoulder
              guid: {a: 18251255279704230191, b: 11039319303130074508}
              invBindPosMatrix: {__class: Matrix4x4f, values: [-0.03272827, 0.9753056, -0.2184214, 0, -0.1331739, -0.2208452, -0.9661739, 0, -0.9905521, -0.00253318, 0.1371131, 0, 0.246902, 2.199414, 2.172544, 1]}
              boundingBox: {min: {x: -0.3518946, y: -0.1346643, z: -0.3518946}, max: {x: 1, y: 1, z: 1}}
              jointTransform: {localId: 29}
            - __class: Joint
              name: mixamorig:Spine2
              guid: {a: 1462992975819486473, b: 9928629416372931767}
              invBindPosMatrix: {__class: Matrix4x4f, values: [1, 0, 0, 0, 0, 0.9910323, 0.1336226, 0, 0, -0.1336226, 0.9910323, 0, 2.072409, -1.582205, -0.3154995, 1]}
              boundingBox: {min: {x: -0.3518946, y: -0.1346643, z: -0.3518946}, max: {x: 1, y: 1, z: 1}}
              jointTransform: {localId: 25}
          positionOnly: false
          useTangent: true
    layer: 0
  - __class: Entity
    name: Sphere
    guid: {a: 1463225176426979905, b: 3001606429116491917}
    scene: {localId: 1}
    selfvisible: true
    components:
      - {localId: 15}
      - __class: SkinMeshRenderer
        name: mesh7_renderer
        guid: {a: 8234564079595746288, b: 4123388143800856454}
        enabled: true
        sharedMaterials:
          - {localId: 1, path: 00000000-0000-0000-0000-00000000000c--00000000-0000-0000-0000-00000000000c-skin.material}
        sortingOrder: 7
        autoSortingOrder: true
        useFrustumCulling: true
        receiveShadow: true
        lightProbeBlendMode:
          __class: LightProbeBlendMode
          value: OFF
        entirePingPong: false
        mesh: {localId: 1, path: 2710f20c-508c-3893-ac42-389d8624ccb6--Sphere.mesh}
        gpuTextureSkinning: false
        useCoarseMesh: false
        castShadow: false
        skin:
          __class: Skin
          name: ""
          guid: {a: 15801947935804072905, b: 4585506257296881827}
          skelRootName: ""
          joints:
            - __class: Joint
              name: mixamorig:RightArm
              guid: {a: 16879945019642477671, b: 3882983043698972313}
              invBindPosMatrix: {__class: Matrix4x4f, values: [-0.001465929, -0.329054, 0.9443099, 0, 0.01794227, -0.9441676, -0.3289765, 0, 0.9998379, 0.01646081, 0.007288057, 0, 0.001088169, 2.577509, -0.01760835, 1]}
              boundingBox: {min: {x: -0.3518946, y: -0.3518946, z: -0.3518946}, max: {x: 1, y: 1, z: 1}}
              jointTransform: {localId: 34}
            - __class: Joint
              name: mixamorig:RightForeArm
              guid: {a: 8668344367974671100, b: 648615038254489768}
              invBindPosMatrix: {__class: Matrix4x4f, values: [-0.00712139, -0.3803618, 0.9248103, 0, 0.001711558, -0.9248371, -0.3803596, 0, 0.9999732, -0.001125823, 0.007237137, 0, 0.0005657832, -0.02938459, -0.01925175, 1]}
              boundingBox: {min: {x: -0.3518946, y: -0.3518946, z: -0.3518946}, max: {x: 1, y: 1, z: 1}}
              jointTransform: {localId: 35}
            - __class: Joint
              name: mixamorig:RightHand
              guid: {a: 3479115341668499615, b: 8181613989396142524}
              invBindPosMatrix: {__class: Matrix4x4f, values: [-0.00712139, -0.3803618, 0.9248103, 0, 0.001711558, -0.9248371, -0.3803596, 0, 0.9999732, -0.001125823, 0.007237137, 0, 0.0005657832, -2.314161, -0.01925175, 1]}
              boundingBox: {min: {x: -0.3518946, y: -0.3518946, z: -0.2488271}, max: {x: 1, y: 1, z: 1}}
              jointTransform: {localId: 36}
          positionOnly: false
          useTangent: true
    layer: 0
  - __class: Entity
    name: Group42760
    guid: {a: 6791951007973909592, b: 17598758367336493994}
    scene: {localId: 1}
    selfvisible: true
    components:
      - {localId: 16}
      - __class: SkinMeshRenderer
        name: mesh8_renderer
        guid: {a: 3839228372627661374, b: 14052540753163941791}
        enabled: true
        sharedMaterials:
          - {localId: 1, path: b2777148-5fa1-d278-ad53-0cef53c3e406--b2777148-5fa1-d278-ad53-0cef53c3e406-skin.material}
        sortingOrder: 8
        autoSortingOrder: true
        useFrustumCulling: true
        receiveShadow: true
        lightProbeBlendMode:
          __class: LightProbeBlendMode
          value: OFF
        entirePingPong: false
        mesh: {localId: 1, path: 2710f20c-508c-3893-ac42-389d8624ccb6--Group42760.mesh}
        gpuTextureSkinning: false
        useCoarseMesh: false
        castShadow: false
        skin:
          __class: Skin
          name: ""
          guid: {a: 3695746428105666087, b: 16279002524114751877}
          skelRootName: ""
          joints:
            - __class: Joint
              name: mixamorig:LeftUpLeg
              guid: {a: 8953273699790871655, b: 11413429162264651683}
              invBindPosMatrix: {__class: Matrix4x4f, values: [-0.9953784, -0.09603054, -1e-15, 0, 0.09602588, -0.9953302, -0.00984427, 0, 0.0009453505, -0.009798773, 0.9999515, 0, 1.035567, 1.090922, -0.09516902, 1]}
              boundingBox: {min: {x: -1.077879, y: -6.251565, z: -0.7692008}, max: {x: 1.480403, y: 1.393302, z: 1}}
              jointTransform: {localId: 37}
            - __class: Joint
              name: mixamorig:Hips
              guid: {a: 16666292339785519810, b: 8251809326660423857}
              invBindPosMatrix: {__class: Matrix4x4f, values: [1, 0, 0, 0, 0, 1, 0, 0, 0, 0, 1, 0, -0.01611217, -1.391895, -0.1719011, 1]}
              boundingBox: {min: {x: -1.481448, y: -1.129002, z: -0.7692008}, max: {x: 1.480403, y: 2.764283, z: 1}}
              jointTransform: {localId: 17}
            - __class: Joint
              name: mixamorig:Neck
              guid: {a: 12268303251087625156, b: 17881044827654185907}
              invBindPosMatrix: {__class: Matrix4x4f, values: [1, 0, 0, 0, 0, 1, -1e-15, 0, 0, 1e-15, 1, 0, -0.01611217, -5.048458, 0.3211198, 1]}
              boundingBox: {min: {x: -0.6856013, y: 0, z: -0.8215607}, max: {x: 1, y: 7.862807, z: 1.033037}}
              jointTransform: {localId: 26}
            - __class: Joint
              name: mixamorig:Head
              guid: {a: 9314489213856713057, b: 10251122881686101125}
              invBindPosMatrix: {__class: Matrix4x4f, values: [1, 0, 0, 0, 0, 1, -1e-15, 0, 0, 1e-15, 1, 0, -0.01611217, -5.71891, 0.07951771, 1]}
              boundingBox: {min: {x: -0.6856013, y: 0, z: -0.8215607}, max: {x: 1, y: 7.862807, z: 1.033037}}
              jointTransform: {localId: 27}
            - __class: Joint
              name: mixamorig:LeftHand
              guid: {a: 10469078614739540353, b: 1191299611041055655}
              invBindPosMatrix: {__class: Matrix4x4f, values: [-0.01365209, 0.380362, -0.9247369, 0, -0.005490022, -0.9248376, -0.3803224, 0, -0.9998918, -0.000115372, 0.01471417, 0, -0.2337597, -0.9587765, 2.844338, 1]}
              boundingBox: {min: {x: 0, y: -1.262979, z: -0.4434154}, max: {x: 3.359574, y: 3.48416, z: 1}}
              jointTransform: {localId: 32}
            - __class: Joint
              name: mixamorig:Spine2
              guid: {a: 7226306825504870263, b: 10971200097310416788}
              invBindPosMatrix: {__class: Matrix4x4f, values: [1, 0, 0, 0, 0, 0.9910323, 0.1336226, 0, 0, -0.1336226, 0.9910323, 0, -0.01611217, -3.939199, -0.3563482, 1]}
              boundingBox: {min: {x: -1.848798, y: 0, z: -0.9675545}, max: {x: 2.270737, y: 6.148668, z: 1}}
              jointTransform: {localId: 25}
            - __class: Joint
              name: mixamorig:LeftLeg
              guid: {a: 7728592106294723622, b: 11495823196098923653}
              invBindPosMatrix: {__class: Matrix4x4f, values: [-0.9990832, -0.04280964, -0.0001027345, 0, 0.04280769, -0.9990084, -0.01224172, 0, 0.0004214309, -0.01223489, 0.9999251, 0, 0.864859, -3.223784, -0.1029057, 1]}
              boundingBox: {min: {x: 0, y: -7.995543, z: -0.4335617}, max: {x: 1.15445, y: 1, z: 1}}
              jointTransform: {localId: 38}
            - __class: Joint
              name: mixamorig:LeftFoot
              guid: {a: 15081706014858233753, b: 11518061718158443151}
              invBindPosMatrix: {__class: Matrix4x4f, values: [-0.9987959, -0.04101526, 0.02691632, 0, 0.0430878, -0.4710861, 0.8810342, 0, -0.02345595, 0.8811331, 0.4722862, 0, 0.8670697, -3.453626, 6.459043, 1]}
              boundingBox: {min: {x: 0, y: -7.99716, z: -0.3880815}, max: {x: 1.083359, y: 1, z: 1.40849}}
              jointTransform: {localId: 39}
            - __class: Joint
              name: mixamorig:LeftToeBase
              guid: {a: 3048554274685501635, b: 431924958462270101}
              invBindPosMatrix: {__class: Matrix4x4f, values: [-0.9881841, -0.1023943, -0.1140508, 0, -0.111221, -0.03295109, 0.9932492, 0, -0.1054612, 0.994198, 0.02117334, 0, -0.2726466, -1.34258, 7.935474, 1]}
              boundingBox: {min: {x: 0, y: -8.006156, z: -0.3880815}, max: {x: 1.064623, y: 1, z: 1.701735}}
              jointTransform: {localId: 40}
            - __class: Joint
              name: mixamorig:RightUpLeg
              guid: {a: 3839943008617884145, b: 9418233591267449746}
              invBindPosMatrix: {__class: Matrix4x4f, values: [-0.9953782, 0.09603276, -1e-15, 0, -0.09603038, -0.9953535, -0.007042969, 0, -0.0006763558, -0.007010418, 0.9999752, 0, -1.003516, 1.087554, -0.096971, 1]}
              boundingBox: {min: {x: -1.481448, y: -5.981935, z: -0.7692008}, max: {x: 1, y: 1.391927, z: 1}}
              jointTransform: {localId: 42}
            - __class: Joint
              name: mixamorig:RightLeg
              guid: {a: 14145290456380111550, b: 3751206213028914318}
              invBindPosMatrix: {__class: Matrix4x4f, values: [-0.9990833, 0.04280443, 0.0005500375, 0, -0.0428069, -0.9988856, -0.01987924, 0, -0.0003014952, -0.01988456, 0.9998022, 0, -0.832666, -3.224067, -0.1384083, 1]}
              boundingBox: {min: {x: -1.146181, y: -7.988285, z: -0.4276203}, max: {x: 1, y: 1, z: 1}}
              jointTransform: {localId: 43}
            - __class: Joint
              name: mixamorig:LeftArm
              guid: {a: 9029030310204707890, b: 13075195509100121018}
              invBindPosMatrix: {__class: Matrix4x4f, values: [-0.007705214, 0.3290406, -0.9442844, 0, -0.02256095, -0.9441292, -0.3288024, 0, -0.9997158, 0.01877046, 0.01469818, 0, -0.2069553, 4.092642, 2.76698, 1]}
              boundingBox: {min: {x: 0, y: 0, z: -0.6381204}, max: {x: 2.878325, y: 5.007275, z: 1}}
              jointTransform: {localId: 30}
            - __class: Joint
              name: mixamorig:LeftForeArm
              guid: {a: 4561164585291563540, b: 11866950564518968246}
              invBindPosMatrix: {__class: Matrix4x4f, values: [-0.01365209, 0.380362, -0.9247369, 0, -0.005490022, -0.9248376, -0.3803224, 0, -0.9998918, -0.000115372, 0.01471417, 0, -0.2337597, 1.325999, 2.844338, 1]}
              boundingBox: {min: {x: 0, y: -0.03858826, z: -0.4434154}, max: {x: 3.154546, y: 4.736296, z: 1}}
              jointTransform: {localId: 31}
            - __class: Joint
              name: mixamorig:RightFoot
              guid: {a: 7082463227083581318, b: 9188422190004498346}
              invBindPosMatrix: {__class: Matrix4x4f, values: [-0.9988074, 0.04002446, -0.02795944, 0, -0.04325194, -0.4597208, 0.8870096, 0, 0.02264854, 0.8871611, 0.4609037, 0, -0.8356237, -3.353808, 6.512885, 1]}
              boundingBox: {min: {x: -1.082135, y: -7.998447, z: -0.3892559}, max: {x: 1, y: 1, z: 1.419259}}
              jointTransform: {localId: 44}
            - __class: Joint
              name: mixamorig:RightToeBase
              guid: {a: 2253943678111611612, b: 2738859253779949756}
              invBindPosMatrix: {__class: Matrix4x4f, values: [-0.9877605, 0.1014095, 0.1185127, 0, 0.1157549, -0.0326812, 0.99274, 0, 0.1045464, 0.9943078, 0.02054255, 0, 0.3402046, -1.359596, 7.930279, 1]}
              boundingBox: {min: {x: -1.068099, y: -8.002658, z: -0.3892559}, max: {x: 1, y: 1, z: 1.702666}}
              jointTransform: {localId: 45}
            - __class: Joint
              name: mixamorig:Spine
              guid: {a: 8308645522808012474, b: 7403839809685446571}
              invBindPosMatrix: {__class: Matrix4x4f, values: [1, 0, 0, 0, 0, 0.9910323, 0.1336227, 0, 0, -0.1336227, 0.9910323, 0, -0.01611217, -2.094373, -0.3563483, 1]}
              boundingBox: {min: {x: -1.060886, y: 0, z: -0.714586}, max: {x: 1.063978, y: 3.496961, z: 1}}
              jointTransform: {localId: 23}
            - __class: Joint
              name: mixamorig:RightShoulder
              guid: {a: 13641086032221331547, b: 14700034101716314267}
              invBindPosMatrix: {__class: Matrix4x4f, values: [-0.02757729, -0.9753056, 0.2191313, 0, 0.1331516, -0.2208453, -0.966177, 0, 0.9907119, 0.002533147, 0.1359538, 0, -0.3540981, 0.7118956, 4.921059, 1]}
              boundingBox: {min: {x: -1.803825, y: 0, z: -0.8441986}, max: {x: 1, y: 5.258083, z: 1}}
              jointTransform: {localId: 33}
            - __class: Joint
              name: mixamorig:RightHand
              guid: {a: 2399567780480470905, b: 9923356890971764098}
              invBindPosMatrix: {__class: Matrix4x4f, values: [-0.00712139, -0.3803618, 0.9248103, 0, 0.001711558, -0.9248371, -0.3803596, 0, 0.9999732, -0.001125823, 0.007237137, 0, 0.2560821, -0.9467996, 2.812715, 1]}
              boundingBox: {min: {x: -3.360926, y: -1.262068, z: -0.4340531}, max: {x: 1, y: 2.33939, z: 1}}
              jointTransform: {localId: 36}
            - __class: Joint
              name: mixamorig:Spine1
              guid: {a: 7369541932669930988, b: 14613327642499498644}
              invBindPosMatrix: {__class: Matrix4x4f, values: [1, 0, 0, 0, 0, 0.9910323, 0.1336226, 0, 0, -0.1336226, 0.9910323, 0, -0.01611217, -2.955292, -0.3563482, 1]}
              boundingBox: {min: {x: -1.077902, y: 0, z: -0.9591739}, max: {x: 1.080446, y: 4.393551, z: 1}}
              jointTransform: {localId: 24}
            - __class: Joint
              name: mixamorig:LeftShoulder
              guid: {a: 4200520122272307245, b: 3129469005669281946}
              invBindPosMatrix: {__class: Matrix4x4f, values: [-0.03272827, 0.9753056, -0.2184214, 0, -0.1331739, -0.2208452, -0.9661739, 0, -0.9905521, -0.00253318, 0.1371131, 0, 0.3551854, 0.67884, 4.928472, 1]}
              boundingBox: {min: {x: 0, y: 0, z: -0.8406428}, max: {x: 2.270737, y: 5.252797, z: 1}}
              jointTransform: {localId: 29}
            - __class: Joint
              name: mixamorig:RightArm
              guid: {a: 6001160831933296973, b: 17835151842667606144}
              invBindPosMatrix: {__class: Matrix4x4f, values: [-0.001465929, -0.329054, 0.9443099, 0, 0.01794227, -0.9441676, -0.3289765, 0, 0.9998379, 0.01646081, 0.007288057, 0, 0.2304263, 4.102555, 2.734962, 1]}
              boundingBox: {min: {x: -3.021856, y: 0, z: -0.8386654}, max: {x: 1, y: 5.161262, z: 1}}
              jointTransform: {localId: 34}
            - __class: Joint
              name: mixamorig:RightForeArm
              guid: {a: 12267913775293131184, b: 3216725051436673712}
              invBindPosMatrix: {__class: Matrix4x4f, values: [-0.00712139, -0.3803618, 0.9248103, 0, 0.001711558, -0.9248371, -0.3803596, 0, 0.9999732, -0.001125823, 0.007237137, 0, 0.2560821, 1.337977, 2.812715, 1]}
              boundingBox: {min: {x: -3.154969, y: -0.08571048, z: -0.4426711}, max: {x: 1, y: 3.844352, z: 1}}
              jointTransform: {localId: 35}
          positionOnly: false
          useTangent: true
    layer: 0
  - __class: Entity
    name: mixamorig:Hips
    guid: {a: 2039177879730351742, b: 2469243864813136041}
    scene: {localId: 1}
    selfvisible: true
    components:
      - {localId: 17}
    layer: 0
  - __class: Entity
    name: mixamorig:Spine
    guid: {a: 5639030540304173540, b: 1756308453287651472}
    scene: {localId: 1}
    selfvisible: true
    components:
      - {localId: 23}
    layer: 0
  - __class: Entity
    name: mixamorig:Spine1
    guid: {a: 9385814676933874801, b: 15758139743784917385}
    scene: {localId: 1}
    selfvisible: true
    components:
      - {localId: 24}
    layer: 0
  - __class: Entity
    name: mixamorig:Spine2
    guid: {a: 16954494285361159823, b: 9140232196521095348}
    scene: {localId: 1}
    selfvisible: true
    components:
      - {localId: 25}
    layer: 0
  - __class: Entity
    name: mixamorig:Neck
    guid: {a: 16088855913784801219, b: 10782349355073524151}
    scene: {localId: 1}
    selfvisible: true
    components:
      - {localId: 26}
    layer: 0
  - __class: Entity
    name: mixamorig:Head
    guid: {a: 22374353786995083, b: 2041335090751584143}
    scene: {localId: 1}
    selfvisible: true
    components:
      - {localId: 27}
    layer: 0
  - __class: Entity
    name: mixamorig:HeadTop_End
    guid: {a: 17602770839142516979, b: 13822447980605725606}
    scene: {localId: 1}
    selfvisible: true
    components:
      - {localId: 28}
    layer: 0
  - __class: Entity
    name: mixamorig:LeftShoulder
    guid: {a: 17168887115230684482, b: 1380413648677254078}
    scene: {localId: 1}
    selfvisible: true
    components:
      - {localId: 29}
    layer: 0
  - __class: Entity
    name: mixamorig:LeftArm
    guid: {a: 7873081131315439093, b: 9800195579264781711}
    scene: {localId: 1}
    selfvisible: true
    components:
      - {localId: 30}
    layer: 0
  - __class: Entity
    name: mixamorig:LeftForeArm
    guid: {a: 16379383959677552329, b: 2370242682086052225}
    scene: {localId: 1}
    selfvisible: true
    components:
      - {localId: 31}
    layer: 0
  - __class: Entity
    name: mixamorig:LeftHand
    guid: {a: 16087987805966014663, b: 10688122923822572953}
    scene: {localId: 1}
    selfvisible: true
    components:
      - {localId: 32}
    layer: 0
  - __class: Entity
    name: mixamorig:RightShoulder
    guid: {a: 14649153499359628956, b: 12779981562763370649}
    scene: {localId: 1}
    selfvisible: true
    components:
      - {localId: 33}
    layer: 0
  - __class: Entity
    name: mixamorig:RightArm
    guid: {a: 15873084375652581372, b: 3826048839681285054}
    scene: {localId: 1}
    selfvisible: true
    components:
      - {localId: 34}
    layer: 0
  - __class: Entity
    name: mixamorig:RightForeArm
    guid: {a: 8089485534223009728, b: 5155118249548131003}
    scene: {localId: 1}
    selfvisible: true
    components:
      - {localId: 35}
    layer: 0
  - __class: Entity
    name: mixamorig:RightHand
    guid: {a: 522693984319964453, b: 16515165443532373925}
    scene: {localId: 1}
    selfvisible: true
    components:
      - {localId: 36}
    layer: 0
  - __class: Entity
    name: mixamorig:LeftUpLeg
    guid: {a: 4703264853510177845, b: 4495703802595659198}
    scene: {localId: 1}
    selfvisible: true
    components:
      - {localId: 37}
    layer: 0
  - __class: Entity
    name: mixamorig:LeftLeg
    guid: {a: 21795894003725699, b: 3875866080579415963}
    scene: {localId: 1}
    selfvisible: true
    components:
      - {localId: 38}
    layer: 0
  - __class: Entity
    name: mixamorig:LeftFoot
    guid: {a: 4197642848369554852, b: 4554179954573434265}
    scene: {localId: 1}
    selfvisible: true
    components:
      - {localId: 39}
    layer: 0
  - __class: Entity
    name: mixamorig:LeftToeBase
    guid: {a: 3337134212788895836, b: 18030531205592161964}
    scene: {localId: 1}
    selfvisible: true
    components:
      - {localId: 40}
    layer: 0
  - __class: Entity
